50 160
30 40
37 52 7
49 49 30
52 64 16
20 26 9
40 30 21
21 47 15
17 63 19
31 62 23
52 33 11
51 21 5
42 41 19
31 32 29
5 25 23
12 42 21
36 16 10
52 41 15
27 23 3
17 33 41
13 13 9
57 58 28
62 42 8
42 57 8
16 57 16
8 52 10
7 38 28
27 68 7
30 48 15
43 67 14
58 48 6
58 27 19
37 69 11
38 46 12
46 10 23
61 33 26
62 63 17
63 69 6
32 22 9
45 35 15
59 15 14
5 6 7
10 17 27
21 10 13
5 64 11
30 15 16
39 10 10
32 39 5
25 32 25
25 55 17
48 28 18
56 37 10
500 0
-1 100 45 363 215 399 58 412 164 328 446 302 245 447 184 210 476 155 338 224 108 94 4 454 369 357 297 349 34 153 167 389 339 249 474 328 440 217 127 415 493 293 205 16 25 380 105 350 497 271 209
100 -1 112 273 407 61 409 117 415 222 153 120 278 29 373 120 361 268 211 210 160 58 49 88 221 292 88 50 329 272 499 120 331 117 265 167 457 2 322 495 238 259 277 290 191 479 402 273 384 22 389
45 112 -1 197 244 307 103 37 141 201 29 424 259 2 62 139 365 117 316 362 382 72 405 412 64 114 198 321 467 379 460 214 80 36 5 46 21 487 27 72 327 242 10 378 324 407 22 165 188 358 89
363 273 197 -1 350 161 485 459 211 201 168 292 431 345 353 336 285 325 86 369 139 469 322 163 384 338 359 5 32 210 162 306 298 476 472 479 61 143 101 51 316 20 338 316 336 248 161 85 191 492 349
215 407 244 350 -1 465 25 479 53 26 179 253 77 363 377 281 479 187 291 224 458 284 421 478 268 119 339 39 181 135 131 99 67 17 459 431 431 348 47 252 183 115 251 270 285 491 287 124 72 182 498
399 61 307 161 465 -1 362 348 61 454 11 163 17 411 11 334 373 94 278 213 119 250 71 170 355 356 262 49 149 395 173 236 138 50 48 219 56 181 216 252 231 144 309 22 287 467 477 302 96 402 151
58 409 103 485 25 362 -1 206 107 22 290 35 484 375 235 323 463 454 263 40 482 190 380 129 275 152 212 466 215 305 112 37 253 226 265 42 306 118 137 390 116 459 170 70 104 232 417 341 341 174 424
412 117 37 459 479 348 206 -1 470 80 103 182 301 0 438 161 439 225 369 364 213 358 277 230 171 125 184 384 285 234 357 177 304 22 134 412 297 429 318 77 389 452 24 321 146 91 237 66 361 363 372
164 415 141 211 53 61 107 470 -1 106 384 233 399 102 354 483 429 484 287 167 252 360 433 98 295 199 436 327 229 97 147 94 23 417 214 195 476 265 471 442 210 455 17 458 348 264 1 399 188 197 235
328 222 201 201 26 454 22 80 106 -1 441 484 391 255 321 372 147 473 47 159 337 394 45 290 115 189 456 290 477 239 244 395 121 372 277 25 486 62 360 96 214 295 135 441 254 284 135 466 453 18 446
446 153 29 168 179 11 290 103 384 441 -1 76 16 32 380 95 291 116 472 195 438 411 324 336 92 289 268 431 202 59 189 494 206 175 287 209 223 352 178 56 74 355 434 244 255 291 402 30 12 139 63
302 120 424 292 253 163 35 182 233 484 76 -1 201 373 398 279 223 412 32 491 370 126 55 95 99 13 333 254 33 454 467 292 57 471 68 112 154 182 417 440 87 418 202 369 430 364 334 346 214 372 180
245 278 259 431 77 17 484 301 399 391 16 201 -1 407 44 233 172 380 217 64 93 221 488 252 19 404 90 396 375 275 2 204 453 290 166 368 334 176 478 434 53 438 222 382 185 313 324 496 245 464 159
447 29 2 345 363 411 375 0 102 255 32 373 407 -1 306 139 464 41 104 0 113 166 366 67 351 229 337 93 174 207 269 313 393 8 210 15 254 119 457 417 259 48 288 212 259 274 276 101 169 140 411
184 373 62 353 377 11 235 438 354 321 380 398 44 306 -1 169 227 144 312 436 59 283 329 20 106 472 16 331 452 269 106 165 365 323 460 10 144 244 436 450 65 41 210 467 135 311 470 43 433 233 412
210 120 139 336 281 334 323 161 483 372 95 279 233 139 169 -1 212 83 317 392 165 182 397 98 35 464 406 14 156 255 279 284 371 499 175 253 293 62 81 384 343 378 80 94 110 411 475 19 475 59 126
476 361 365 285 479 373 463 439 429 147 291 223 172 464 227 212 -1 123 314 446 223 44 145 132 20 289 469 341 265 255 430 344 499 318 97 374 34 189 381 477 159 271 292 463 307 52 91 155 99 243 62
155 268 117 325 187 94 454 225 484 473 116 412 380 41 144 83 123 -1 21 240 37 87 350 272 333 139 313 236 360 116 262 407 372 251 368 14 276 97 188 426 275 455 308 68 229 409 124 338 400 276 287
338 211 316 86 291 278 263 369 287 47 472 32 217 104 312 317 314 21 -1 405 162 289 284 42 40 50 256 359 171 421 461 94 437 326 3 480 0 158 476 459 215 63 429 265 320 233 461 73 95 119 448
224 210 362 369 224 213 40 364 167 159 195 491 64 0 436 392 446 240 405 -1 136 126 28 178 83 431 83 151 409 347 244 409 366 207 41 292 158 209 443 139 344 341 491 44 313 22 57 414 293 110 459
108 160 382 139 458 119 482 213 252 337 438 370 93 113 59 165 223 37 162 136 -1 228 159 241 67 293 403 385 487 473 159 146 290 287 75 109 422 255 138 268 312 216 84 195 39 95 429 273 276 265 233
94 58 72 469 284 250 190 358 360 394 411 126 221 166 283 182 44 87 289 126 228 -1 359 405 442 186 144 255 12 39 315 29 429 28 14 312 295 261 236 389 57 436 56 483 114 388 402 293 286 187 53
4 49 405 322 421 71 380 277 433 45 324 55 488 366 329 397 145 350 284 28 159 359 -1 164 415 194 152 384 488 60 490 51 477 426 131 32 31 466 384 246 64 390 227 432 79 218 104 401 333 343 204
454 88 412 163 478 170 129 230 98 290 336 95 252 67 20 98 132 272 42 178 241 405 164 -1 479 449 200 220 97 461 341 494 384 146 426 495 198 126 198 40 170 56 486 364 14 265 489 429 197 321 50
369 221 64 384 268 355 275 171 295 115 92 99 19 351 106 35 20 333 40 83 67 442 415 479 -1 444 339 35 187 122 127 348 202 45 409 375 365 99 167 178 326 419 244 346 218 52 46 264 297 92 89
357 292 114 338 119 356 152 125 199 189 289 13 404 229 472 464 289 139 50 431 293 186 194 449 444 -1 108 153 250 175 398 176 340 53 467 323 15 476 191 457 198 289 464 485 499 417 358 491 496 451 34
297 88 198 359 339 262 212 184 436 456 268 333 90 337 16 406 469 313 256 83 403 144 152 200 339 108 -1 69 220 329 326 126 338 445 362 17 288 133 305 306 58 471 134 85 219 231 66 104 281 86 408
349 50 321 5 39 49 466 384 327 290 431 254 396 93 331 14 341 236 359 151 385 255 384 220 35 153 69 -1 358 199 53 467 317 164 217 489 316 422 214 378 296 327 24 190 414 454 49 462 247 371 164
34 329 467 32 181 149 215 285 229 477 202 33 375 174 452 156 265 360 171 409 487 12 488 97 187 250 220 358 -1 491 352 428 174 420 468 174 293 20 416 331 145 274 471 130 474 74 236 454 17 242 171
153 272 379 210 135 395 305 234 97 239 59 454 275 207 269 255 255 116 421 347 473 39 60 461 122 175 329 199 491 -1 438 97 92 146 126 204 153 271 13 280 80 91 327 332 30 310 177 477 88 257 38
167 499 460 162 131 173 112 357 147 244 189 467 2 269 106 279 430 262 461 244 159 315 490 341 127 398 326 53 352 438 -1 300 222 445 132 373 39 407 301 400 429 64 247 179 287 437 154 62 150 437 268
389 120 214 306 99 236 37 177 94 395 494 292 204 313 165 284 344 407 94 409 146 29 51 494 348 176 126 467 428 97 300 -1 325 328 399 167 93 70 317 478 267 482 121 12 457 429 41 213 6 116 66
339 331 80 298 67 138 253 304 23 121 206 57 453 393 365 371 499 372 437 366 290 429 477 384 202 340 338 317 174 92 222 325 -1 382 249 192 424 104 443 77 311 475 301 393 401 287 66 392 384 182 212
249 117 36 476 17 50 226 22 417 372 175 471 290 8 323 499 318 251 326 207 287 28 426 146 45 53 445 164 420 146 445 328 382 -1 134 148 438 339 16 343 382 229 171 207 348 345 379 8 393 57 278
474 265 5 472 459 48 265 134 214 277 287 68 166 210 460 175 97 368 3 41 75 14 131 426 409 467 362 217 468 126 132 399 249 134 -1 203 325 73 354 39 287 293 276 442 392 262 160 345 2 369 465
328 167 46 479 431 219 42 412 195 25 209 112 368 15 10 253 374 14 480 292 109 312 32 495 375 323 17 489 174 204 373 167 192 148 203 -1 302 41 245 79 435 73 193 479 173 56 259 330 354 225 494
440 457 21 61 431 56 306 297 476 486 223 154 334 254 144 293 34 276 0 158 422 295 31 198 365 15 288 316 293 153 39 93 424 438 325 302 -1 52 294 166 269 91 462 153 457 210 476 201 393 324 479
217 2 487 143 348 181 118 429 265 62 352 182 176 119 244 62 189 97 158 209 255 261 466 126 99 476 133 422 20 271 407 70 104 339 73 41 52 -1 298 491 210 220 174 235 197 201 279 247 302 246 63
127 322 27 101 47 216 137 318 471 360 178 417 478 457 436 81 381 188 476 443 138 236 384 198 167 191 305 214 416 13 301 317 443 16 354 245 294 298 -1 367 399 67 436 410 191 375 96 286 225 45 209
415 495 72 51 252 252 390 77 442 96 56 440 434 417 450 384 477 426 459 139 268 389 246 40 178 457 306 378 331 280 400 478 77 343 39 79 166 491 367 -1 235 119 405 190 107 73 418 283 2 50 460
493 238 327 316 183 231 116 389 210 214 74 87 53 259 65 343 159 275 215 344 312 57 64 170 326 198 58 296 145 80 429 267 311 382 287 435 269 210 399 235 -1 166 368 417 347 391 151 494 429 300 236
293 259 242 20 115 144 459 452 455 295 355 418 438 48 41 378 271 455 63 341 216 436 390 56 419 289 471 327 274 91 64 482 475 229 293 73 91 220 67 119 166 -1 232 220 308 162 33 325 38 410 254
205 277 10 338 251 309 170 24 17 135 434 202 222 288 210 80 292 308 429 491 84 56 227 486 244 464 134 24 471 327 247 121 301 171 276 193 462 174 436 405 368 232 -1 16 479 139 418 169 170 495 42
16 290 378 316 270 22 70 321 458 441 244 369 382 212 467 94 463 68 265 44 195 483 432 364 346 485 85 190 130 332 179 12 393 207 442 479 153 235 410 190 417 220 16 -1 134 238 50 499 120 142 225
25 191 324 336 285 287 104 146 348 254 255 430 185 259 135 110 307 229 320 313 39 114 79 14 218 499 219 414 474 30 287 457 401 348 392 173 457 197 191 107 347 308 479 134 -1 327 76 3 64 237 472
380 479 407 248 491 467 232 91 264 284 291 364 313 274 311 411 52 409 233 22 95 388 218 265 52 417 231 454 74 310 437 429 287 345 262 56 210 201 375 73 391 162 139 238 327 -1 46 73 276 252 21
105 402 22 161 287 477 417 237 1 135 402 334 324 276 470 475 91 124 461 57 429 402 104 489 46 358 66 49 236 177 154 41 66 379 160 259 476 279 96 418 151 33 418 50 76 46 -1 37 13 378 303
350 273 165 85 124 302 341 66 399 466 30 346 496 101 43 19 155 338 73 414 273 293 401 429 264 491 104 462 454 477 62 213 392 8 345 330 201 247 286 283 494 325 169 499 3 73 37 -1 72 484 494
497 384 188 191 72 96 341 361 188 453 12 214 245 169 433 475 99 400 95 293 276 286 333 197 297 496 281 247 17 88 150 6 384 393 2 354 393 302 225 2 429 38 170 120 64 276 13 72 -1 285 452
271 22 358 492 182 402 174 363 197 18 139 372 464 140 233 59 243 276 119 110 265 187 343 321 92 451 86 371 242 257 437 116 182 57 369 225 324 246 45 50 300 410 495 142 237 252 378 484 285 -1 117
209 389 89 349 498 151 424 372 235 446 63 180 159 411 412 126 62 287 448 459 233 53 204 50 89 34 408 164 171 38 268 66 212 278 465 494 479 63 209 460 236 254 42 225 472 21 303 494 452 117 -1
