 199 200 398
 35 35
 41 49 10
 35 17 7
 55 45 13
 55 20 19
 15 30 26
 25 30 3
 20 50 5
 10 43 9
 55 60 16
 30 60 16
 20 65 12
 50 35 19
 30 25 23
 15 10 20
 30 5 8
 10 20 19
 5 30 2
 20 40 12
 15 60 17
 45 65 9
 45 20 11
 45 10 18
 55 5 29
 65 35 3
 65 20 6
 45 30 17
 35 40 16
 41 37 16
 64 42 9
 40 60 21
 31 52 27
 35 69 23
 53 52 11
 65 55 14
 63 65 8
 2 60 5
 20 20 8
 5 5 16
 60 12 31
 40 25 9
 42 7 5
 24 12 5
 23 3 7
 11 14 18
 6 38 16
 2 48 1
 8 56 27
 13 52 36
 6 68 30
 47 47 13
 49 58 10
 27 43 9
 37 31 14
 57 29 18
 63 23 2
 53 12 6
 32 12 7
 36 26 18
 21 24 28
 17 34 3
 12 24 13
 24 58 19
 27 69 10
 15 77 9
 62 77 20
 49 73 25
 67 5 25
 56 39 36
 37 47 6
 37 56 5
 57 68 15
 47 16 25
 44 17 9
 46 13 8
 49 11 18
 49 42 13
 53 43 14
 61 52 3
 57 48 23
 56 37 6
 55 54 26
 15 47 16
 14 37 11
 11 31 7
 16 22 41
 4 18 35
 28 18 26
 26 52 9
 26 35 15
 31 67 3
 15 19 1
 22 22 2
 18 24 22
 26 27 27
 25 24 20
 22 27 11
 25 21 12
 19 21 10
 20 26 9
 18 18 17
 37 52 7
 49 49 30
 52 64 16
 20 26 9
 40 30 21
 21 47 15
 17 63 19
 31 62 23
 52 33 11
 51 21 5
 42 41 19
 31 32 29
 5 25 23
 12 42 21
 36 16 10
 52 41 15
 27 23 3
 17 33 41
 13 13 9
 57 58 28
 62 42 8
 42 57 8
 16 57 16
 8 52 10
 7 38 28
 27 68 7
 30 48 15
 43 67 14
 58 48 6
 58 27 19
 37 69 11
 38 46 12
 46 10 23
 61 33 26
 62 63 17
 63 69 6
 32 22 9
 45 35 15
 59 15 14
 5 6 7
 10 17 27
 21 10 13
 5 64 11
 30 15 16
 39 10 10
 32 39 5
 25 32 25
 25 55 17
 48 28 18
 56 37 10
 22 22 18
 36 26 26
 21 45 11
 45 35 30
 55 20 21
 33 34 19
 50 50 15
 55 45 16
 26 59 29
 40 66 26
 55 65 37
 35 51 16
 62 35 12
 62 57 31
 62 24 8
 21 36 19
 33 44 20
 9 56 13
 62 48 15
 66 14 22
 44 13 28
 26 13 12
 11 28 6
 7 43 27
 17 64 14
 41 46 18
 55 34 17
 35 16 29
 52 26 13
 43 26 22
 31 76 25
 22 53 28
 26 29 27
 50 40 19
 55 50 10
 54 10 12
 60 15 14
 47 66 24
 30 60 16
 30 50 33
 12 17 15
 15 14 11
 16 19 18
 21 48 17
 50 30 21
 51 42 27
 50 15 19
 48 21 20
 12 38 5
-1 93 339 187 35 281 129 375 223 71 317 165 13 259 107 353 201 49 295 143 389 237 85 331 179 27 273 121 367 215 63 309 157 5 251 99 345 193 41 287 135 381 229 77 322 170 18 264 112 358 206 54 300 148 394 242 90 336 184 32 278 126 372 220 68 314 162 10 256 104 350 198 46 292 140 386 234 82 328 176 24 270 118 364 212 60 306 154 2 247 95 341 189 37 283 131 377 225 73 319 167 15 261 109 355 203 51 297 145 391 239 87 333 181 29 275 123 369 217 65 311 159 7 253 101 347 195 43 289 137 383 231 79 324 172 20 266 114 360 208 56 302 150 396 244 92 338 186 34 280 128 374 222 70 316 164 12 258 106 352 200 48 294 142 388 236 84 330 178 26 272 120 366 214 62 308 156 4 249 97 343 191 39 285 133 379 227 75 321 169 17 263 111 357 205 53 299 147 393 241 
93 -1 281 375 71 165 259 353 49 143 237 331 27 121 215 309 5 99 193 287 381 77 170 264 358 54 148 242 336 32 126 220 314 10 104 198 292 386 82 176 270 364 60 154 247 341 37 131 225 319 15 109 203 297 391 87 181 275 369 65 159 253 347 43 137 231 324 20 114 208 302 396 92 186 280 374 70 164 258 352 48 142 236 330 26 120 214 308 4 97 191 285 379 75 169 263 357 53 147 241 335 31 125 219 313 9 103 197 291 385 81 174 268 362 58 152 246 340 36 130 224 318 14 108 202 296 390 86 180 274 368 64 158 251 345 41 135 229 323 19 113 207 301 395 91 185 279 373 69 163 257 351 47 141 235 328 24 118 212 306 2 96 190 284 378 74 168 262 356 52 146 240 334 30 124 218 312 8 101 195 289 383 79 173 267 361 57 151 245 339 35 129 223 317 13 107 201 295 389 85 
339 281 -1 165 107 49 389 331 273 215 157 99 41 381 322 264 206 148 90 32 372 314 256 198 140 82 24 364 306 247 189 131 73 15 355 297 239 181 123 65 7 347 289 231 172 114 56 396 338 280 222 164 106 48 388 330 272 214 156 97 39 379 321 263 205 147 89 31 371 313 255 197 139 81 22 362 304 246 188 130 72 14 354 296 238 180 122 64 6 345 287 229 171 113 55 395 337 279 221 163 105 47 387 328 270 212 154 96 38 378 320 262 204 146 88 30 370 312 253 195 137 79 21 361 303 245 187 129 71 13 353 295 237 178 120 62 4 344 286 228 170 112 54 394 336 278 220 162 103 45 385 327 269 211 153 95 37 377 319 261 203 145 87 28 368 310 252 194 136 78 20 360 302 244 186 128 70 12 351 293 235 177 119 61 3 343 285 227 169 111 53 393 334 276 218 160 102 44 384 326 
187 375 165 -1 143 331 121 309 99 287 77 264 54 242 32 220 10 198 386 176 364 154 341 131 319 109 297 87 275 65 253 43 231 20 208 396 186 374 164 352 142 330 120 308 97 285 75 263 53 241 31 219 9 197 385 174 362 152 340 130 318 108 296 86 274 64 251 41 229 19 207 395 185 373 163 351 141 328 118 306 96 284 74 262 52 240 30 218 8 195 383 173 361 151 339 129 317 107 295 85 272 62 250 40 228 18 206 394 184 372 162 349 139 327 117 305 95 283 73 261 51 239 28 216 6 194 382 172 360 150 338 128 316 105 293 83 271 61 249 39 227 17 205 393 182 370 160 348 138 326 116 304 94 282 72 259 49 237 27 215 5 193 381 171 359 149 336 126 314 104 292 82 270 60 248 38 226 16 203 391 181 369 159 347 137 325 115 303 93 280 70 258 48 236 26 214 4 192 380 170 
35 71 107 143 -1 215 251 287 322 358 394 32 68 104 140 176 212 247 283 319 355 391 29 65 101 137 172 208 244 280 316 352 388 26 62 97 133 169 205 241 277 313 349 385 22 58 94 130 166 202 238 274 310 345 381 19 55 91 127 163 199 235 270 306 342 378 16 52 88 124 160 195 231 267 303 339 375 13 49 85 120 156 192 228 264 300 336 372 10 45 81 117 153 189 225 261 297 332 368 6 42 78 114 150 186 222 257 293 329 365 3 39 75 111 147 182 218 254 290 326 362 0 36 72 107 143 179 215 251 287 323 359 395 32 68 104 140 176 212 248 284 320 355 391 29 65 101 137 173 209 245 280 316 352 388 26 62 98 134 170 205 241 277 313 349 385 23 59 95 130 166 202 238 274 310 346 382 20 55 91 127 163 199 235 271 307 343 378 16 52 88 124 160 196 232 267 303 339 375 13 
281 165 49 331 215 -1 381 264 148 32 314 198 82 364 247 131 15 297 181 65 347 231 114 396 280 164 48 330 214 97 379 263 147 31 313 197 81 362 246 130 14 296 180 64 345 229 113 395 279 163 47 328 212 96 378 262 146 30 312 195 79 361 245 129 13 295 178 62 344 228 112 394 278 162 45 327 211 95 377 261 145 28 310 194 78 360 244 128 12 293 177 61 343 227 111 393 276 160 44 326 210 94 376 259 143 27 309 193 77 359 243 126 10 292 176 60 342 226 109 391 275 159 43 325 209 93 374 258 142 26 308 192 76 357 241 125 9 291 175 59 340 224 108 390 274 158 42 324 207 91 373 257 141 25 307 190 74 356 240 124 8 290 174 57 339 223 107 389 273 157 40 322 206 90 372 256 140 24 305 189 73 355 239 123 7 288 172 56 338 222 106 388 271 155 39 321 205 89 371 255 
129 259 389 121 251 381 -1 242 372 104 234 364 95 225 355 87 217 347 79 208 338 70 200 330 62 191 321 53 183 313 45 174 304 36 166 296 28 158 287 19 149 279 11 141 270 2 132 262 392 124 253 383 115 245 375 107 237 366 98 228 358 90 220 349 81 211 341 73 203 332 64 194 324 56 186 316 47 177 307 39 169 299 30 160 290 22 152 282 14 143 273 5 135 265 395 126 256 386 118 248 378 109 239 369 101 231 361 93 222 352 84 214 344 76 205 335 67 197 327 59 188 318 50 180 310 42 172 301 33 163 293 25 155 284 16 146 276 8 138 267 397 129 259 389 121 251 380 112 242 372 104 234 363 95 225 355 87 217 346 78 208 338 70 200 330 61 191 321 53 183 313 44 174 304 36 166 296 28 157 287 19 149 279 11 140 270 2 132 262 392 123 253 383 115 245 375 107 236 366 98 
375 353 331 309 287 264 242 -1 198 176 154 131 109 87 65 43 20 396 374 352 330 308 285 263 241 219 197 174 152 130 108 86 64 41 19 395 373 351 328 306 284 262 240 218 195 173 151 129 107 85 62 40 18 394 372 349 327 305 283 261 239 216 194 172 150 128 105 83 61 39 17 393 370 348 326 304 282 259 237 215 193 171 149 126 104 82 60 38 16 391 369 347 325 303 280 258 236 214 192 170 147 125 103 81 59 36 14 390 368 346 324 301 279 257 235 213 190 168 146 124 102 80 57 35 13 389 367 344 322 300 278 256 234 211 189 167 145 123 101 78 56 34 12 388 365 343 321 299 277 255 232 210 188 166 144 121 99 77 55 33 11 386 364 342 320 298 275 253 231 209 187 165 142 120 98 76 54 32 9 385 363 341 319 296 274 252 230 208 186 163 141 119 97 75 52 30 8 384 362 340 
223 49 273 99 322 148 372 198 -1 247 73 297 123 347 172 396 222 48 272 97 321 147 371 197 22 246 72 296 122 345 171 395 221 47 270 96 320 146 370 195 21 245 71 295 120 344 170 394 220 45 269 95 319 145 368 194 20 244 70 293 119 343 169 393 218 44 268 94 318 143 367 193 19 243 68 292 118 342 168 391 217 43 267 93 316 142 366 192 18 241 67 291 117 340 166 390 216 42 265 91 315 141 365 190 16 240 66 290 115 339 165 389 215 40 264 90 314 140 363 189 15 239 65 288 114 338 164 388 213 39 263 89 313 138 362 188 14 238 63 287 113 337 163 386 212 38 262 88 311 137 361 187 13 236 62 286 112 336 161 385 211 37 261 86 310 136 360 186 11 235 61 285 111 334 160 384 210 36 259 85 309 135 358 184 10 234 60 283 109 333 159 383 208 34 258 84 308 133 357 183 
71 143 215 287 358 32 104 176 247 -1 391 65 137 208 280 352 26 97 169 241 313 385 58 130 202 274 345 19 91 163 235 306 378 52 124 195 267 339 13 85 156 228 300 372 45 117 189 261 332 6 78 150 222 293 365 39 111 182 254 326 0 72 143 215 287 359 32 104 176 248 320 391 65 137 209 280 352 26 98 170 241 313 385 59 130 202 274 346 20 91 163 235 307 378 52 124 196 267 339 13 85 157 228 300 372 46 117 189 261 333 7 78 150 222 294 365 39 111 183 255 326 0 72 144 215 287 359 33 105 176 248 320 392 65 137 209 281 352 26 98 170 242 313 385 59 131 202 274 346 20 92 163 235 307 379 52 124 196 268 340 13 85 157 229 300 372 46 118 190 261 333 7 79 150 222 294 366 40 111 183 255 327 0 72 144 216 288 359 33 105 177 248 320 392 66 137 209 281 353 27 
317 237 157 77 394 314 234 154 73 391 -1 231 150 70 388 308 227 147 67 385 304 224 144 64 381 301 221 141 60 378 298 218 137 57 375 295 214 134 54 372 291 211 131 51 368 288 208 128 47 365 285 205 124 44 362 282 201 121 41 359 278 198 118 38 355 275 195 115 34 352 272 192 111 31 349 269 188 108 28 346 265 185 105 25 343 262 182 102 22 339 259 179 99 18 336 256 176 95 15 333 253 172 92 12 330 249 169 89 9 326 246 166 86 5 323 243 163 82 2 320 240 159 79 397 317 236 156 76 394 313 233 153 73 390 310 230 150 69 387 307 227 146 66 384 304 223 143 63 381 300 220 140 60 377 297 217 137 56 374 294 214 133 53 371 291 211 130 50 368 288 207 127 47 365 284 204 124 44 361 281 201 121 40 358 278 198 117 37 355 275 194 114 34 352 271 191 111 31 348 268 
165 331 99 264 32 198 364 131 297 65 231 -1 164 330 97 263 31 197 362 130 296 64 229 395 163 328 96 262 30 195 361 129 295 62 228 394 162 327 95 261 28 194 360 128 293 61 227 393 160 326 94 259 27 193 359 126 292 60 226 391 159 325 93 258 26 192 357 125 291 59 224 390 158 324 91 257 25 190 356 124 290 57 223 389 157 322 90 256 24 189 355 123 288 56 222 388 155 321 89 255 22 188 354 121 287 55 221 386 154 320 88 253 21 187 352 120 286 54 219 385 153 319 86 252 20 186 351 119 285 52 218 384 152 317 85 251 19 184 350 118 283 51 217 383 150 316 84 250 17 183 349 117 282 50 216 381 149 315 83 248 16 182 348 115 281 49 214 380 148 314 81 247 15 181 346 114 280 48 213 379 147 312 80 246 14 179 345 113 279 46 212 378 145 311 79 245 12 178 344 112 
13 27 41 54 68 82 95 109 123 137 150 164 -1 191 205 219 233 246 260 274 287 301 315 328 342 356 370 383 397 13 26 40 54 68 81 95 109 122 136 150 164 177 191 205 218 232 246 259 273 287 301 314 328 342 355 369 383 397 12 26 40 53 67 81 95 108 122 136 149 163 177 190 204 218 232 245 259 273 286 300 314 328 341 355 369 382 396 12 26 39 53 67 80 94 108 121 135 149 163 176 190 204 217 231 245 259 272 286 300 313 327 341 355 368 382 396 11 25 39 52 66 80 94 107 121 135 148 162 176 190 203 217 231 244 258 272 285 299 313 327 340 354 368 381 395 11 25 38 52 66 79 93 107 121 134 148 162 175 189 203 216 230 244 258 271 285 299 312 326 340 354 367 381 395 10 24 38 52 65 79 93 106 120 134 147 161 175 189 202 216 230 243 257 271 285 298 312 326 339 353 
259 121 381 242 104 364 225 87 347 208 70 330 191 -1 313 174 36 296 158 19 279 141 2 262 124 383 245 107 366 228 90 349 211 73 332 194 56 316 177 39 299 160 22 282 143 5 265 126 386 248 109 369 231 93 352 214 76 335 197 59 318 180 42 301 163 25 284 146 8 267 129 389 251 112 372 234 95 355 217 78 338 200 61 321 183 44 304 166 28 287 149 11 270 132 392 253 115 375 236 98 358 219 81 341 202 64 324 186 47 307 169 30 290 152 13 273 135 394 256 118 377 239 101 360 222 84 344 205 67 327 188 50 310 171 33 293 154 16 276 137 397 259 121 380 242 104 363 225 87 346 208 70 329 191 53 312 174 36 295 157 19 279 140 2 262 123 383 245 106 366 228 89 349 211 72 332 194 56 315 177 39 298 160 22 281 143 5 264 126 386 247 109 369 230 92 352 214 75 335 197 
107 215 322 32 140 247 355 65 172 280 388 97 205 313 -1 130 238 345 55 163 270 378 88 195 303 13 120 228 336 45 153 261 368 78 186 293 3 111 218 326 36 143 251 359 68 176 284 391 101 209 316 26 134 241 349 59 166 274 382 91 199 307 16 124 232 339 49 157 264 372 82 189 297 7 114 222 330 39 147 255 362 72 180 287 395 105 212 320 30 137 245 352 62 170 277 385 95 202 310 20 127 235 343 52 160 268 375 85 193 300 10 118 225 333 43 150 258 366 75 183 291 0 108 216 323 33 141 248 356 66 173 281 389 98 206 314 23 131 239 346 56 164 271 379 89 196 304 14 121 229 337 46 154 262 369 79 187 294 4 112 219 327 37 144 252 360 69 177 285 392 102 210 317 27 135 242 350 60 167 275 382 92 200 307 17 125 232 340 50 157 265 373 82 190 298 7 115 223 330 40 
353 309 264 220 176 131 87 43 396 352 308 263 219 174 130 -1 41 395 351 306 262 218 173 129 85 40 394 349 305 261 216 172 128 83 39 393 348 304 259 215 171 126 82 38 391 347 303 258 214 170 125 81 36 390 346 301 257 213 168 124 80 35 389 344 300 256 211 167 123 78 34 388 343 299 255 210 166 121 77 33 386 342 298 253 209 165 120 76 32 385 341 296 252 208 163 119 75 30 384 340 295 251 206 162 118 73 29 383 338 294 250 205 161 117 72 28 381 337 293 248 204 160 115 71 27 380 336 291 247 203 158 114 70 25 379 335 290 246 202 157 113 68 24 378 333 289 245 200 156 112 67 23 377 332 288 243 199 155 110 66 22 375 331 287 242 198 153 109 65 20 374 330 285 241 197 152 108 64 19 373 328 284 240 195 151 107 62 18 372 327 283 238 194 150 105 61 17 370 326 282 
201 5 206 10 212 15 217 20 222 26 227 31 233 36 238 41 -1 47 248 52 253 57 259 62 264 68 269 73 274 78 280 83 285 89 290 94 295 99 301 104 306 109 311 115 316 120 322 125 327 130 332 136 337 141 343 146 348 151 353 157 358 162 363 167 369 172 374 178 379 183 384 188 390 193 395 198 2 204 7 209 13 214 18 219 23 225 28 230 34 235 39 240 44 246 49 251 54 256 60 261 65 267 70 272 75 277 81 282 86 288 91 293 96 298 102 303 107 308 112 314 117 319 123 324 128 329 133 335 138 340 143 345 149 350 154 356 159 361 164 366 170 371 175 377 180 382 185 387 191 392 196 397 201 5 206 10 212 15 217 20 222 26 227 31 232 36 238 41 243 47 248 52 253 57 259 62 264 68 269 73 274 78 280 83 285 88 290 94 295 99 301 104 306 109 311 115 316 120 322 125 
49 99 148 198 247 297 347 396 48 97 147 197 246 296 345 395 47 -1 146 195 245 295 344 394 45 95 145 194 244 293 343 393 44 94 143 193 243 292 342 391 43 93 142 192 241 291 340 390 42 91 141 190 240 290 339 389 40 90 140 189 239 288 338 388 39 89 138 188 238 287 337 386 38 88 137 187 236 286 336 385 37 86 136 186 235 285 334 384 36 85 135 184 234 283 333 383 34 84 133 183 233 282 332 381 33 83 132 182 231 281 331 380 32 81 131 181 230 280 329 379 31 80 130 179 229 279 328 378 29 79 129 178 228 277 327 377 28 78 127 177 226 276 326 375 27 76 126 176 225 275 324 374 26 75 125 174 224 274 323 373 24 74 124 173 223 272 322 372 23 73 122 172 222 271 321 370 22 72 121 171 220 270 319 369 21 70 120 169 219 269 318 368 19 69 119 168 218 267 317 367 
295 193 90 386 283 181 79 374 272 169 67 362 260 158 55 351 248 146 -1 339 237 134 32 327 225 122 20 316 213 111 8 304 201 99 395 292 190 87 383 280 178 76 371 269 166 64 359 257 155 52 348 245 143 40 336 234 131 29 324 222 119 17 313 210 108 5 301 198 96 392 289 187 84 380 277 175 73 368 266 163 61 356 254 152 49 345 242 140 37 333 231 128 26 321 219 117 14 310 207 105 2 298 196 93 389 286 184 81 377 275 172 70 365 263 160 58 354 251 149 46 342 239 137 35 330 228 125 23 318 216 114 11 307 204 102 397 295 193 90 386 283 181 78 374 272 169 67 362 260 157 55 351 248 146 43 339 236 134 32 327 225 122 20 315 213 111 8 304 201 99 394 292 190 87 383 280 178 75 371 269 166 64 359 257 155 52 348 245 143 40 336 234 131 29 324 222 119 17 313 210 
143 287 32 176 319 65 208 352 97 241 385 130 274 19 163 306 52 195 339 -1 228 372 117 261 6 150 293 39 182 326 72 215 359 104 248 391 137 280 26 170 313 59 202 346 91 235 378 124 267 13 157 300 46 189 333 78 222 365 111 255 0 144 287 33 176 320 65 209 352 98 242 385 131 274 20 163 307 52 196 340 85 229 372 118 261 7 150 294 40 183 327 72 216 359 105 248 392 137 281 27 170 314 59 203 346 92 235 379 125 268 14 157 301 46 190 333 79 223 366 112 255 1 144 288 33 177 320 66 210 353 99 242 386 131 275 20 164 307 53 197 340 86 229 373 118 262 7 151 295 40 184 327 73 216 360 105 249 392 138 282 27 171 314 60 203 347 92 236 380 125 269 14 158 301 47 190 334 80 223 367 112 256 1 145 288 34 178 321 67 210 354 99 243 386 132 275 21 164 308 54 
389 381 372 364 355 347 338 330 321 313 304 296 287 279 270 262 253 245 237 228 -1 211 203 194 186 177 169 160 152 143 135 126 118 109 101 93 84 76 67 59 50 42 33 25 16 8 397 389 380 372 363 355 346 338 330 321 313 304 296 287 279 270 262 253 245 236 228 219 211 202 194 186 177 169 160 152 143 135 126 118 109 101 92 84 75 67 58 50 42 33 25 16 8 397 389 380 372 363 355 346 338 329 321 312 304 295 287 279 270 262 253 245 236 228 219 211 202 194 185 177 168 160 151 143 135 126 118 109 101 92 84 75 67 58 50 41 33 24 16 7 397 389 380 372 363 355 346 338 329 321 312 304 295 287 278 270 261 253 244 236 228 219 211 202 194 185 177 168 160 151 143 134 126 117 109 100 92 84 75 67 58 50 41 33 24 16 7 397 388 380 371 363 354 346 338 329 321 312 304 295 
237 77 314 154 391 231 70 308 147 385 224 64 301 141 378 218 57 295 134 372 211 -1 288 128 365 205 44 282 121 359 198 38 275 115 352 192 31 269 108 346 185 25 262 102 339 179 18 256 95 333 172 12 249 89 326 166 5 243 82 320 159 397 236 76 313 153 390 230 69 307 146 384 223 63 300 140 377 217 56 294 133 371 211 50 288 127 365 204 44 281 121 358 198 37 275 114 352 191 31 268 108 345 185 24 262 101 339 178 18 255 95 332 172 11 249 88 326 165 5 242 82 319 159 396 236 75 313 152 390 229 69 306 146 383 223 62 300 139 377 216 56 293 133 370 210 49 287 126 364 203 43 280 120 357 197 36 274 113 351 190 30 267 107 344 184 24 261 100 338 178 17 254 94 332 171 10 248 88 325 164 4 242 81 319 158 396 235 75 312 152 389 229 68 306 145 383 222 62 299 139 
85 170 256 341 29 114 200 285 371 58 144 229 315 2 88 173 259 344 32 117 203 288 -1 61 147 232 318 5 91 176 261 347 34 120 205 291 376 64 149 235 320 8 93 179 264 350 37 123 208 294 379 67 152 238 323 11 96 182 267 352 40 125 211 296 382 69 155 240 326 13 99 184 270 355 43 128 214 299 385 72 158 243 329 16 102 187 273 358 46 131 216 302 387 75 160 246 331 19 104 190 275 361 48 134 219 305 390 78 163 249 334 22 107 193 278 364 51 137 222 307 393 80 166 251 337 24 110 195 281 366 54 139 225 310 396 83 169 254 340 27 113 198 284 369 57 142 228 313 0 86 171 257 342 30 115 201 286 372 59 145 230 316 3 89 174 260 345 33 118 204 289 375 62 148 233 319 6 92 177 263 348 35 121 206 292 377 65 150 236 321 9 94 180 265 351 38 124 209 295 380 
331 264 198 131 65 396 330 263 197 130 64 395 328 262 195 129 62 394 327 261 194 128 61 -1 326 259 193 126 60 391 325 258 192 125 59 390 324 257 190 124 57 389 322 256 189 123 56 388 321 255 188 121 55 386 320 253 187 120 54 385 319 252 186 119 52 384 317 251 184 118 51 383 316 250 183 117 50 381 315 248 182 115 49 380 314 247 181 114 48 379 312 246 179 113 46 378 311 245 178 112 45 377 310 243 177 110 44 375 309 242 176 109 43 374 307 241 174 108 41 373 306 240 173 107 40 372 305 238 172 105 39 370 304 237 171 104 38 369 303 236 169 103 36 368 301 235 168 102 35 367 300 234 167 100 34 365 299 232 166 99 33 364 298 231 164 98 31 363 296 230 163 97 30 362 295 229 162 96 29 360 294 227 161 94 28 359 293 226 160 93 27 358 291 225 158 92 25 357 290 224 
179 358 140 319 101 280 62 241 22 202 381 163 342 124 303 85 264 45 225 6 186 365 147 326 -1 287 68 248 29 209 388 170 349 130 310 91 271 52 232 13 192 372 153 333 114 294 75 255 36 215 395 176 356 137 317 98 277 59 238 20 199 379 160 340 121 300 82 261 43 222 4 183 363 144 323 105 284 66 245 27 206 385 167 346 128 307 89 268 49 229 10 190 369 151 330 112 291 72 252 33 213 392 174 353 135 314 95 275 56 236 17 197 376 157 337 118 298 79 259 40 220 1 180 360 141 321 102 282 63 242 24 203 383 164 344 125 305 86 265 47 226 8 187 367 148 328 109 288 70 249 31 210 390 171 350 132 311 93 272 54 233 15 194 373 155 334 116 295 77 256 37 217 396 178 357 139 318 99 279 60 240 21 201 380 162 341 123 302 83 263 44 224 5 185 364 145 325 106 286 67 
27 54 82 109 137 164 191 219 246 274 301 328 356 383 13 40 68 95 122 150 177 205 232 259 287 -1 342 369 397 26 53 81 108 136 163 190 218 245 273 300 328 355 382 12 39 67 94 121 149 176 204 231 259 286 313 341 368 396 25 52 80 107 135 162 190 217 244 272 299 327 354 381 11 38 66 93 121 148 175 203 230 258 285 312 340 367 395 24 52 79 106 134 161 189 216 243 271 298 326 353 380 10 37 65 92 120 147 174 202 229 257 284 312 339 366 394 23 51 78 105 133 160 188 215 242 270 297 325 352 380 9 36 64 91 119 146 173 201 228 256 283 311 338 365 393 22 50 77 104 132 159 187 214 242 269 296 324 351 379 8 35 63 90 118 145 173 200 227 255 282 310 337 364 392 21 49 76 104 131 158 186 213 241 268 295 323 350 378 7 34 62 89 117 144 172 199 226 254 281 309 
273 148 24 297 172 48 321 197 72 345 221 96 370 245 120 394 269 145 20 293 169 44 318 193 68 342 -1 93 366 241 117 390 265 141 16 290 165 40 314 189 65 338 213 89 362 238 113 386 262 137 13 286 161 37 310 186 61 334 210 85 358 234 109 383 258 133 9 282 158 33 306 182 57 331 206 81 355 230 106 379 254 130 5 279 154 29 303 178 54 327 202 78 351 226 102 375 251 126 1 275 150 26 299 174 50 323 199 74 347 223 98 372 247 122 396 271 147 22 295 171 46 319 195 70 344 219 94 368 243 119 392 267 143 18 292 167 42 316 191 67 340 215 91 364 240 115 388 264 139 15 288 163 39 312 188 63 336 212 87 360 236 111 385 260 135 11 284 160 35 308 184 59 333 208 83 357 232 108 381 256 132 7 281 156 31 305 180 55 329 204 80 353 228 104 377 253 128 3 277 152 
121 242 364 87 208 330 53 174 296 19 141 262 383 107 228 349 73 194 316 39 160 282 5 126 248 369 93 -1 335 59 180 301 25 146 267 389 112 234 355 78 200 321 44 166 287 11 132 253 375 98 219 341 64 186 307 30 152 273 394 118 239 360 84 205 327 50 171 293 16 137 259 380 104 225 346 70 191 312 36 157 279 2 123 245 366 89 211 332 56 177 298 22 143 264 386 109 230 352 75 197 318 41 163 284 7 129 250 372 95 216 338 61 182 304 27 149 270 391 115 236 357 81 202 323 47 168 290 13 134 256 377 100 222 343 67 188 309 33 154 275 397 120 242 363 86 208 329 52 174 295 19 140 261 383 106 227 349 72 193 315 38 160 281 4 126 247 368 92 213 335 58 179 301 24 145 267 388 112 233 354 78 199 320 44 165 287 10 131 253 374 97 219 340 63 185 306 30 151 272 394 
367 336 306 275 244 214 183 152 122 91 60 30 397 366 336 305 274 244 213 182 152 121 91 60 29 397 366 335 -1 274 243 213 182 151 121 90 59 29 396 365 335 304 273 243 212 182 151 120 90 59 28 396 365 334 304 273 242 212 181 150 120 89 58 28 395 365 334 303 273 242 211 181 150 119 89 58 27 395 364 333 303 272 241 211 180 149 119 88 58 27 394 364 333 302 272 241 210 180 149 118 88 57 26 394 363 332 302 271 240 210 179 149 118 87 57 26 393 363 332 301 271 240 209 179 148 117 87 56 25 393 362 332 301 270 240 209 178 148 117 86 56 25 392 362 331 300 270 239 208 178 147 116 86 55 24 392 361 331 300 269 239 208 177 147 116 85 55 24 391 361 330 299 269 238 207 177 146 116 85 54 24 391 360 330 299 268 238 207 176 146 115 84 54 23 390 360 329 298 268 237 
215 32 247 65 280 97 313 130 345 163 378 195 13 228 45 261 78 293 111 326 143 359 176 391 209 26 241 59 274 -1 307 124 339 157 372 189 7 222 39 255 72 287 105 320 137 352 170 385 202 20 235 52 268 85 300 118 333 150 366 183 0 216 33 248 66 281 98 314 131 346 164 379 196 14 229 46 262 79 294 112 327 144 360 177 392 210 27 242 60 275 92 307 125 340 157 373 190 7 223 40 255 73 288 105 321 138 353 171 386 203 21 236 53 269 86 301 119 334 151 367 184 1 217 34 249 67 282 99 315 132 347 164 380 197 15 230 47 263 80 295 113 328 145 360 178 393 210 28 243 60 276 93 308 126 341 158 374 191 8 224 41 256 74 289 106 322 139 354 172 387 204 22 237 54 270 87 302 120 335 152 367 185 2 217 35 250 67 283 100 315 133 348 165 381 198 15 231 48 263 81 
63 126 189 253 316 379 45 108 171 235 298 361 26 90 153 216 280 343 8 72 135 198 261 325 388 53 117 180 243 307 -1 35 99 162 225 288 352 17 80 144 207 270 334 397 62 125 189 252 315 379 44 107 171 234 297 360 26 89 152 216 279 342 8 71 134 198 261 324 387 53 116 179 243 306 369 35 98 161 224 288 351 16 80 143 206 270 333 396 61 125 188 251 315 378 43 107 170 233 297 360 25 88 152 215 278 342 7 70 134 197 260 323 387 52 115 179 242 305 369 34 97 161 224 287 350 16 79 142 206 269 332 396 61 124 188 251 314 377 43 106 169 233 296 359 24 88 151 214 278 341 6 70 133 196 260 323 386 51 115 178 241 305 368 33 97 160 223 287 350 15 78 142 205 268 332 395 60 123 187 250 313 377 42 105 169 232 295 359 24 87 150 214 277 340 6 69 132 196 259 322 
309 220 131 43 352 263 174 86 395 306 218 129 40 349 261 172 83 393 304 215 126 38 347 258 170 81 390 301 213 124 35 -1 256 167 78 388 299 210 121 33 342 253 165 76 385 296 208 119 30 340 251 162 73 383 294 205 117 28 337 248 160 71 380 291 203 114 25 335 246 157 68 378 289 200 112 23 332 243 155 66 375 287 198 109 20 330 241 152 64 373 284 195 107 18 327 238 150 61 370 282 193 104 15 325 236 147 59 368 279 190 102 13 322 234 145 56 365 277 188 99 10 320 231 142 54 363 274 185 97 8 317 229 140 51 360 272 183 94 6 315 226 137 49 358 269 181 92 3 312 224 135 46 356 267 178 89 1 310 221 132 44 353 264 176 87 396 307 219 130 41 351 262 173 84 394 305 216 128 39 348 259 171 82 391 302 214 125 36 346 257 168 79 389 300 211 123 34 343 254 166 
157 314 73 231 388 147 304 64 221 378 137 295 54 211 368 128 285 44 201 359 118 275 34 192 349 108 265 25 182 339 99 256 -1 172 330 89 246 5 163 320 79 236 394 153 310 69 227 384 143 300 60 217 374 133 291 50 207 365 124 281 40 198 355 114 271 31 188 345 104 262 21 178 335 95 252 11 168 326 85 242 1 159 316 75 232 390 149 306 66 223 380 139 297 56 213 370 130 287 46 203 361 120 277 36 194 351 110 267 27 184 341 100 258 17 174 332 91 248 7 164 322 81 238 396 155 312 71 229 386 145 302 62 219 376 135 293 52 209 366 126 283 42 199 357 116 273 33 190 347 106 264 23 180 337 97 254 13 170 328 87 244 3 161 318 77 234 392 151 308 67 225 382 141 298 58 215 372 132 289 48 205 363 122 279 38 196 353 112 269 29 186 343 102 260 19 176 333 93 250 9 
5 10 15 20 26 31 36 41 47 52 57 62 68 73 78 83 89 94 99 104 109 115 120 125 130 136 141 146 151 157 162 167 172 -1 183 188 193 198 204 209 214 219 225 230 235 240 246 251 256 261 267 272 277 282 288 293 298 303 308 314 319 324 329 335 340 345 350 356 361 366 371 377 382 387 392 397 5 10 15 20 26 31 36 41 47 52 57 62 68 73 78 83 88 94 99 104 109 115 120 125 130 136 141 146 151 157 162 167 172 178 183 188 193 198 204 209 214 219 225 230 235 240 246 251 256 261 267 272 277 282 287 293 298 303 308 314 319 324 329 335 340 345 350 356 361 366 371 376 382 387 392 397 5 10 15 20 26 31 36 41 47 52 57 62 67 73 78 83 88 94 99 104 109 115 120 125 130 136 141 146 151 157 162 167 172 177 183 188 193 198 204 209 214 219 225 230 235 240 246 251 
251 104 355 208 62 313 166 19 270 124 375 228 81 332 186 39 290 143 395 248 101 352 205 59 310 163 16 267 121 372 225 78 330 183 -1 287 140 392 245 98 349 202 56 307 160 13 265 118 369 222 75 327 180 33 284 137 389 242 95 346 200 53 304 157 10 262 115 366 219 72 324 177 30 281 135 386 239 92 343 197 50 301 154 7 259 112 363 216 70 321 174 27 278 132 383 236 89 340 194 47 298 151 5 256 109 360 213 67 318 171 24 275 129 380 233 86 338 191 44 295 148 2 253 106 357 210 64 315 168 21 273 126 377 230 83 335 188 41 292 145 397 250 103 354 207 61 312 165 18 270 123 374 227 80 332 185 38 289 142 394 247 100 351 205 58 309 162 15 267 120 371 224 77 329 182 35 286 140 391 244 97 348 202 55 306 159 12 264 117 368 221 75 326 179 32 283 137 388 241 94 
99 198 297 396 97 197 296 395 96 195 295 394 95 194 293 393 94 193 292 391 93 192 291 390 91 190 290 389 90 189 288 388 89 188 287 -1 88 187 286 385 86 186 285 384 85 184 283 383 84 183 282 381 83 182 281 380 81 181 280 379 80 179 279 378 79 178 277 377 78 177 276 375 76 176 275 374 75 174 274 373 74 173 272 372 73 172 271 370 72 171 270 369 70 169 269 368 69 168 267 367 68 167 266 365 67 166 265 364 65 164 264 363 64 163 263 362 63 162 261 360 62 161 260 359 60 160 259 358 59 158 258 357 58 157 256 356 57 156 255 354 55 155 254 353 54 153 253 352 53 152 251 351 52 151 250 349 51 150 249 348 49 148 248 347 48 147 246 346 47 146 245 344 46 145 244 343 44 144 243 342 43 142 241 341 42 141 240 339 41 140 239 338 39 139 238 337 38 137 237 336 
345 292 239 186 133 81 28 373 320 267 214 162 109 56 3 348 295 243 190 137 84 31 376 324 271 218 165 112 59 7 352 299 246 193 140 88 -1 380 327 274 221 169 116 63 10 355 302 250 197 144 91 38 383 331 278 225 172 119 66 14 359 306 253 200 147 95 42 387 334 281 228 176 123 70 17 362 310 257 204 151 98 45 391 338 285 232 179 126 74 21 366 313 260 207 155 102 49 394 341 288 236 183 130 77 24 369 317 264 211 158 105 52 0 345 292 239 186 133 81 28 373 320 267 214 162 109 56 3 348 295 243 190 137 84 31 376 324 271 218 165 112 59 7 352 299 246 193 140 88 35 380 327 274 222 169 116 63 10 355 302 250 197 144 91 38 384 331 278 225 172 119 67 14 359 306 253 200 148 95 42 387 334 281 229 176 123 70 17 362 310 257 204 151 98 45 391 338 285 232 179 
193 386 181 374 169 362 158 351 146 339 134 327 122 316 111 304 99 292 87 280 76 269 64 257 52 245 40 234 29 222 17 210 5 198 392 187 380 -1 368 163 356 152 345 140 333 128 321 117 310 105 298 93 286 81 275 70 263 58 251 46 239 35 228 23 216 11 204 397 193 386 181 374 169 362 157 351 146 339 134 327 122 315 111 304 99 292 87 280 75 269 64 257 52 245 40 234 29 222 17 210 5 198 392 187 380 175 368 163 356 152 345 140 333 128 321 116 310 105 298 93 286 81 274 70 263 58 251 46 239 34 228 23 216 11 204 397 193 386 181 374 169 362 157 351 146 339 134 327 122 315 111 304 99 292 87 280 75 269 64 257 52 245 40 233 29 222 17 210 5 198 391 187 380 175 368 163 356 151 345 140 333 128 321 116 310 105 298 93 286 81 274 70 263 58 251 46 239 34 228 23 
41 82 123 164 205 246 287 328 370 13 54 95 136 177 218 259 301 342 383 26 67 108 149 190 232 273 314 355 396 39 80 121 163 204 245 286 327 368 -1 52 94 135 176 217 258 299 340 381 25 66 107 148 189 230 271 312 354 395 38 79 120 161 202 243 285 326 367 10 51 92 133 174 216 257 298 339 380 23 64 105 147 188 229 270 311 352 393 36 78 119 160 201 242 283 324 365 9 50 91 132 173 214 255 296 338 379 22 63 104 145 186 227 268 310 351 392 35 76 117 158 199 241 282 323 364 7 48 89 130 172 213 254 295 336 377 20 61 103 144 185 226 267 308 349 390 34 75 116 157 198 239 280 321 363 6 47 88 129 170 211 252 294 335 376 19 60 101 142 183 225 266 307 348 389 32 73 114 156 197 238 279 320 361 4 45 87 128 169 210 251 292 333 374 18 59 100 141 182 223 264 
287 176 65 352 241 130 19 306 195 85 372 261 150 39 326 215 104 391 280 170 59 346 235 124 13 300 189 78 365 255 144 33 320 209 98 385 274 163 52 -1 229 118 7 294 183 72 359 248 137 27 314 203 92 379 268 157 46 333 223 112 1 288 177 66 353 242 131 20 307 197 86 373 262 151 40 327 216 105 392 282 171 60 347 236 125 14 301 190 80 367 256 145 34 321 210 99 386 275 164 54 341 230 119 8 295 184 73 360 250 139 28 315 204 93 380 269 158 48 335 224 113 2 289 178 67 354 243 132 22 309 198 87 374 263 152 41 328 217 107 394 283 172 61 348 237 126 15 302 192 81 368 257 146 35 322 211 100 387 277 166 55 342 231 120 9 296 185 75 362 251 140 29 316 205 94 381 270 160 49 336 225 114 3 290 179 68 356 245 134 23 310 199 88 375 264 153 42 329 219 108 
135 270 7 142 277 14 149 284 21 156 291 28 164 299 36 171 306 43 178 313 50 185 320 57 192 328 65 200 335 72 207 342 79 214 349 86 221 356 94 229 -1 101 236 371 108 243 378 115 250 385 123 258 393 130 265 2 137 272 9 144 279 16 151 287 24 159 294 31 166 301 38 173 308 45 180 315 53 188 323 60 195 330 67 202 337 74 209 344 82 217 352 89 224 359 96 231 366 103 238 373 110 246 381 118 253 388 125 260 395 132 267 4 139 274 12 147 282 19 154 289 26 161 296 33 168 303 41 176 311 48 183 318 55 190 325 62 197 332 69 205 340 77 212 347 84 219 354 91 226 361 98 233 369 106 241 376 113 248 383 120 255 390 127 262 0 135 270 7 142 277 14 149 284 21 156 291 28 164 299 36 171 306 43 178 313 50 185 320 57 192 328 65 200 335 72 207 342 79 214 349 
381 364 347 330 313 296 279 262 245 228 211 194 177 160 143 126 109 93 76 59 42 25 8 389 372 355 338 321 304 287 270 253 236 219 202 186 169 152 135 118 101 -1 67 50 33 16 397 380 363 346 329 312 295 279 262 245 228 211 194 177 160 143 126 109 92 75 58 41 24 7 389 372 355 338 321 304 287 270 253 236 219 202 185 168 151 134 117 100 84 67 50 33 16 397 380 363 346 329 312 295 278 261 244 227 210 193 177 160 143 126 109 92 75 58 41 24 7 388 371 354 337 320 303 287 270 253 236 219 202 185 168 151 134 117 100 83 66 49 32 15 396 380 363 346 329 312 295 278 261 244 227 210 193 176 159 142 125 108 91 75 58 41 24 7 388 371 354 337 320 303 286 269 252 235 218 201 185 168 151 134 117 100 83 66 49 32 15 396 379 362 345 328 311 295 278 260 244 227 210 193 
229 60 289 120 349 180 11 240 71 300 131 360 191 22 251 82 311 142 371 202 33 262 93 322 153 382 213 44 273 105 334 165 394 225 56 285 116 345 176 7 236 67 -1 127 356 187 18 247 78 307 138 367 198 29 258 89 318 149 379 210 41 270 101 330 161 390 221 52 281 112 341 172 3 232 63 292 123 352 183 14 243 74 303 134 363 194 25 254 85 315 146 375 206 37 266 97 326 157 386 217 48 277 108 337 168 397 228 59 288 119 348 179 10 239 70 299 130 360 191 22 251 82 311 142 371 202 33 262 93 322 153 382 213 44 273 104 333 164 393 224 55 284 115 344 175 6 236 67 296 127 356 187 18 247 78 307 138 367 198 29 258 89 318 149 378 209 40 269 100 329 160 389 220 51 281 111 341 171 3 232 63 292 123 352 183 14 243 74 303 134 363 194 25 254 85 314 145 374 205 36 
77 154 231 308 385 64 141 218 295 372 51 128 205 282 359 38 115 192 269 346 25 102 179 256 333 12 89 166 243 320 397 76 153 230 307 384 63 140 217 294 371 50 127 -1 281 358 37 114 191 268 345 24 101 178 255 332 11 88 165 242 319 396 75 152 229 306 383 62 139 216 293 370 49 126 203 280 357 36 113 190 267 344 24 100 178 254 332 10 88 164 242 319 396 75 152 229 306 383 62 139 216 293 370 49 126 203 280 357 36 113 190 267 344 23 100 177 254 331 10 87 164 241 318 395 74 151 228 305 382 61 138 215 292 369 48 125 202 279 356 35 112 189 266 343 22 99 176 253 330 9 86 163 240 317 394 73 150 227 304 381 60 137 214 291 368 48 124 201 278 356 34 111 188 266 343 21 99 176 253 329 9 86 163 240 317 394 73 150 227 304 381 60 137 214 291 368 47 124 201 278 
322 247 172 97 22 345 270 195 120 45 368 293 218 143 68 391 316 241 166 91 16 339 264 189 114 39 362 287 212 137 62 385 310 235 160 85 10 333 258 183 108 33 356 281 -1 131 56 379 304 229 154 79 4 327 252 177 102 27 350 275 200 125 50 373 298 223 148 73 396 321 246 171 96 21 344 269 194 119 44 367 292 217 142 67 390 315 240 164 89 15 338 263 188 113 37 360 285 210 135 60 383 308 233 158 83 8 331 256 181 106 31 354 279 204 129 54 377 302 227 152 77 2 325 250 175 100 25 348 273 198 123 48 371 296 221 146 71 394 319 244 169 94 19 342 267 192 117 42 365 290 215 140 65 388 313 238 163 88 13 336 261 186 111 36 359 284 209 134 59 382 307 232 157 82 6 329 254 179 104 30 353 278 203 128 53 376 301 226 150 75 0 323 248 173 98 23 346 271 196 121 
170 341 114 285 58 229 2 173 344 117 288 61 232 5 176 347 120 291 64 235 8 179 350 123 294 67 238 11 182 352 125 296 69 240 13 184 355 128 299 72 243 16 187 358 131 -1 75 246 19 190 361 134 305 78 249 22 193 364 137 307 80 251 24 195 366 139 310 83 254 27 198 369 142 313 86 257 30 201 372 145 316 89 260 33 204 375 148 319 92 263 35 206 377 150 321 94 265 38 209 380 153 324 97 268 41 212 383 156 327 100 271 44 215 386 159 330 103 274 47 217 388 161 332 105 276 49 220 391 164 335 108 279 52 223 394 167 338 111 282 55 226 397 170 341 114 285 58 229 1 172 343 116 287 60 231 4 175 346 119 290 63 234 7 178 349 122 293 66 237 10 181 352 125 296 69 240 13 184 355 128 298 71 242 15 186 357 130 301 74 245 18 189 360 133 304 77 248 21 192 363 
18 37 56 75 94 113 132 151 170 189 208 227 246 265 284 303 322 340 359 378 397 18 37 56 75 94 113 132 151 170 189 208 227 246 265 283 302 321 340 359 378 397 18 37 56 75 -1 113 132 151 170 189 208 226 245 264 283 302 321 340 359 378 397 18 37 56 75 94 113 132 150 169 188 207 226 245 264 283 302 321 340 359 378 397 18 37 56 75 94 113 131 150 169 188 207 226 245 264 283 302 321 340 359 378 397 18 37 55 74 93 112 131 150 169 188 207 226 245 264 283 302 321 340 359 377 396 17 36 55 74 93 112 131 150 169 188 207 226 245 264 283 301 321 339 358 377 396 17 36 55 74 93 112 131 150 169 188 207 226 245 263 282 301 320 339 358 377 396 17 36 55 74 93 112 131 150 169 188 206 226 244 263 282 301 320 339 358 377 396 17 36 55 74 93 112 130 150 168 187 206 
264 131 396 263 130 395 262 129 394 261 128 393 259 126 391 258 125 390 257 124 389 256 123 388 255 121 386 253 120 385 252 119 384 251 118 383 250 117 381 248 115 380 247 114 379 246 113 -1 245 112 377 243 110 375 242 109 374 241 108 373 240 107 372 238 105 370 237 104 369 236 103 368 235 102 367 234 100 365 232 99 364 231 98 363 230 97 362 229 96 360 227 94 359 226 93 358 225 92 357 224 91 356 222 89 354 221 88 353 220 87 352 219 86 351 217 84 349 216 83 348 215 82 347 214 81 346 213 79 344 211 78 343 210 77 342 209 76 341 208 75 339 206 73 338 205 72 337 204 71 336 203 70 335 201 68 333 200 67 332 199 66 331 198 65 329 197 63 328 195 62 327 194 61 326 193 60 325 192 58 323 190 57 322 189 56 321 188 55 320 187 54 318 185 52 317 184 51 316 183 50 
112 225 338 53 166 279 392 107 220 332 47 160 273 386 101 214 327 42 155 267 380 95 208 321 36 149 262 375 90 202 315 30 143 256 369 84 197 310 25 137 250 363 78 191 304 19 132 245 -1 72 185 298 13 126 239 352 67 180 293 7 120 233 346 61 174 287 2 115 228 340 55 168 281 394 109 222 335 50 163 275 388 103 216 329 44 157 270 383 98 210 323 38 151 264 377 92 205 318 33 145 258 371 86 199 312 27 140 253 366 80 193 306 21 134 247 360 75 188 301 15 128 241 354 69 182 295 10 123 236 348 63 176 289 4 117 230 343 58 171 283 396 111 224 337 52 165 278 391 105 218 331 46 159 272 385 100 213 326 41 153 266 379 94 207 320 35 148 260 373 88 201 314 29 142 255 368 83 196 308 23 136 249 362 77 190 303 18 130 243 356 71 184 297 12 125 238 351 66 178 291 
358 319 280 241 202 163 124 85 45 6 365 326 287 248 209 170 130 91 52 13 372 333 294 255 215 176 137 98 59 20 379 340 300 261 222 183 144 105 66 27 385 346 307 268 229 190 151 112 72 -1 392 353 314 275 236 197 157 118 79 40 1 360 321 282 242 203 164 125 86 47 8 367 328 288 249 210 171 132 93 54 15 373 334 295 256 217 178 139 99 60 21 380 341 302 263 224 185 145 106 67 28 387 348 309 270 230 191 152 113 74 35 394 355 315 276 237 198 159 120 81 42 2 361 322 283 244 205 166 127 87 48 9 368 329 290 251 212 172 133 94 55 16 375 336 297 258 218 179 140 101 62 23 382 343 303 264 225 186 147 108 69 30 388 349 310 271 232 193 154 115 75 36 395 356 317 278 239 199 160 121 82 43 4 363 324 285 246 206 167 128 89 50 11 370 330 291 252 213 174 135 
